一周入门计划|10|7|0|1777482776|1260330|0|0
半月巩固计划|15|15|0|1777482776|0|0|0
三十天进阶计划|20|30|0|1777482776|0|0|0
六十天冲刺计划|30|60|0|1777482776|1260330|0|0
我的计划|5|2|0|1777482788|1260330|0|0
一周入门计划|10|7|0|1777482790|1260330|0|0
半月巩固计划|15|15|0|1777482790|1260330|0|1
三十天进阶计划|20|30|0|1777482790|1260330|0|0
六十天冲刺计划|30|60|0|1777482790|1260330|0|0
hhlong|5|3|0|1777482810|1260330|0|0
一周入门计划|10|7|0|1777482813|0|0|0
半月巩固计划|15|15|0|1777482813|0|0|0
三十天进阶计划|20|30|0|1777482813|0|0|0
六十天冲刺计划|30|60|0|1777482813|0|0|0
一周入门计划|10|7|0|1777482813|0|0|0
半月巩固计划|15|15|0|1777482813|0|0|0
三十天进阶计划|20|30|0|1777482813|0|0|0
六十天冲刺计划|30|60|0|1777482813|0|0|0
一周入门计划|10|7|0|1777483211|0|0|0
半月巩固计划|15|15|0|1777483211|0|0|0
